60 503
73
34 6 0 471
13 3 0 496
13 5 0 436
10 12 0 194
10 12 0 206
6 7 0 18
6 15 0 251
25 7 0 459
25 15 0 312
21 12 0 327
16 7 0 417
16 5 0 109
21 3 0 241
21 5 0 482
5 7 0 68
5 5 0 466
4 1 2 15
4 10 2 424
6 13 0 179
12 13 0 266
12 9 0 381
23 6 0 450
7 3 0 491
7 5 0 369
2 1 2 14
2 10 2 0
6 6 0 142
6 5 0 100
14 7 0 244
14 6 0 82
16 3 0 479
16 5 0 114
14 6 0 88
14 5 0 307
14 13 0 404
3 2 0 105
3 7 0 154
11 2 0 499
11 7 0 374
6 7 0 25
6 6 0 148
33 14 0 390
12 4 0 487
12 3 0 94
16 18 0 218
12 3 0 97
12 18 0 161
4 4 2 10
4 3 0 366
3 1 0 502
3 2 0 107
6 9 0 50
6 9 0 59
6 1 0 501
6 2 0 192
5 7 0 75
5 18 0 279
3 9 0 32
3 9 0 41
9 18 0 348
6 5 0 119
6 2 0 494
2 12 0 424
2 9 0 0
8 3 0 456
8 9 0 339
10 9 0 441
3 5 0 236
3 2 0 477
3 18 0 124
3 7 0 297
2 3 0 304
2 9 0 9
